Table
206.6 0.504 0.87039
210.9 0.55482 0.96558
215.28 0.61187 1.0402
219.75 0.67044 1.0963
224.32 0.72654 1.1358
228.99 0.77653 1.161
233.75 0.81694 1.1746
238.61 0.84433 1.1805
243.57 0.85517 1.1839
248.63 0.84633 1.1942
253.8 0.81942 1.2279
259.08 0.79329 1.3061
264.46 0.81241 1.4315
269.96 0.91787 1.5608
275.57 1.1045 1.626
281.3 1.3192 1.5793
287.15 1.4907 1.4182
293.12 1.5628 1.1824
299.21 1.5142 0.93218
305.43 1.3579 0.72278
311.78 1.1252 0.58989
318.27 0.85015 0.55445
324.88 0.57874 0.63661
331.64 0.38943 0.80994
338.53 0.29015 0.98837
345.57 0.23625 1.143
352.75 0.20346 1.2775
360.09 0.18191 1.3979
367.57 0.16715 1.5082
375.21 0.15681 1.6111
383.01 0.14952 1.7084
390.98 0.14438 1.8015
399.1 0.1408 1.8913
407.4 0.13836 1.9786
415.87 0.13678 2.064
424.52 0.13583 2.1479
433.34 0.13537 2.2308
442.35 0.13529 2.3129
451.55 0.1355 2.3946
460.93 0.13595 2.4761
470.52 0.13658 2.5576
480.3 0.13736 2.6392
490.28 0.13827 2.7212
500.48 0.13929 2.8036
510.88 0.14041 2.8865
521.5 0.14162 2.9701
532.34 0.14291 3.0545
543.41 0.14428 3.1397
554.71 0.14572 3.2259
566.24 0.14724 3.3131
578.01 0.14883 3.4014
590.03 0.1505 3.4908
602.3 0.15225 3.5815
614.82 0.15407 3.6734
627.6 0.15598 3.7668
640.65 0.15797 3.8615
653.96 0.16005 3.9576
667.56 0.16222 4.0553
681.44 0.16449 4.1546
695.6 0.16686 4.2555
710.07 0.16934 4.3581
724.83 0.17192 4.4624
739.9 0.17462 4.5686
755.28 0.17743 4.6765
770.98 0.18037 4.7864
787.01 0.18344 4.8982
803.37 0.18665 5.012
820.07 0.19 5.1278
837.12 0.1935 5.2458
854.52 0.19715 5.3659
872.29 0.20096 5.4883
890.42 0.20494 5.6129
908.93 0.20909 5.7399
927.83 0.21343 5.8692
947.12 0.21796 6.001
966.81 0.22269 6.1352
986.91 0.22762 6.2721
1007.4 0.23277 6.4115
1028.4 0.23814 6.5536
1049.7 0.24375 6.6985
1071.6 0.2496 6.8462
1093.8 0.2557 6.9967
1116.6 0.26207 7.1502
1139.8 0.26871 7.3066
1163.5 0.27564 7.4661
1187.7 0.28287 7.6287
1212.4 0.2904 7.7946
1237.6 0.29827 7.9637
1263.3 0.30646 8.1361
1289.6 0.31501 8.312
1316.4 0.32393 8.4913
1343.8 0.33322 8.6742
1371.7 0.34292 8.8607
1400.2 0.35302 9.0509
1429.3 0.36355 9.2449
1459 0.37454 9.4428
1489.4 0.38598 9.6446
1520.3 0.39792 9.8505
1551.9 0.41035 10.061
1584.2 0.42332 10.275
1617.1 0.43683 10.493
1650.7 0.45091 10.716
1685.1 0.46559 10.943
1720.1 0.48088 11.175
1755.9 0.49682 11.412
1792.4 0.51343 11.653
1829.6 0.53074 11.9
1867.7 0.54878 12.151
1906.5 0.56757 12.407
1946.1 0.58715 12.668
1986.6 0.60756 12.935
2027.9 0.62882 13.207
2070 0.65097 13.485
2113.1 0.67404 13.768
2157 0.69808 14.056
2201.8 0.72313 14.351
2247.6 0.74922 14.652
2294.3 0.7764 14.958
2342 0.80471 15.271
2390.7 0.83421 15.59
2440.4 0.86494 15.916
2491.2 0.89694 16.248
2543 0.93028 16.587
2595.8 0.965 16.932
2649.8 1.0012 17.285
2704.9 1.0388 17.644
2761.1 1.0781 18.011
2818.5 1.1189 18.386
2877.1 1.1615 18.767
2936.9 1.2058 19.157
2998 1.2519 19.554
3060.3 1.3 19.959
3123.9 1.35 20.372
3188.9 1.4021 20.794
3255.2 1.4564 21.223
3322.8 1.5129 21.662
3391.9 1.5717 22.109
3462.4 1.633 22.565
3534.4 1.6967 23.03
3607.9 1.7631 23.504
3682.9 1.8322 23.988
3759.5 1.9041 24.481
3837.6 1.979 24.984
3917.4 2.0569 25.496
3998.8 2.138 26.019
4082 2.2225 26.552
4166.8 2.3103 27.096
4253.5 2.4017 27.65
4341.9 2.4969 28.215
4432.2 2.5959 28.79
4524.3 2.6989 29.377
4618.4 2.8061 29.975
4714.4 2.9176 30.585
4812.4 3.0336 31.206
4912.4 3.1542 31.84
5014.5 3.2797 32.485
5118.8 3.4103 33.143
5225.2 3.546 33.813
5333.8 3.6872 34.495
5444.7 3.834 35.191
5557.9 3.9866 35.899
5673.5 4.1452 36.621
5791.4 4.3102 37.356
5911.8 4.4816 38.105
6034.7 4.6598 38.867
6160.2 4.8449 39.643
6288.2 5.0373 40.434
6419 5.2372 41.238
6552.4 5.4449 42.057
6688.6 5.6606 42.891
6827.7 5.8846 43.74
6969.6 6.1172 44.603
7114.5 6.3588 45.482
7262.4 6.6096 46.376
7413.4 6.8699 47.285
7567.5 7.1401 48.21
7724.9 7.4205 49.151
7885.5 7.7114 50.107
8049.4 8.0131 51.08
8216.7 8.3261 52.068
8387.5 8.6507 53.073
8561.9 8.9872 54.095
8739.9 9.3361 55.132
8921.6 9.6977 56.186
9107.1 10.072 57.257
9296.4 10.461 58.345
9489.7 10.863 59.449
9687 11.279 60.57
9888.4 11.71 61.708
10094 12.156 62.863
10304 12.618 64.034
10518 13.096 65.223
10737 13.59 66.428
10960 14.101 67.65
11188 14.629 68.889
11420 15.175 70.145
11658 15.739 71.418
11900 16.321 72.707
12147 16.923 74.012
12400 17.544 75.334
