Table
300 2.177 0.4441
310 2.251 0.3768
320 2.285 0.2904
330 2.284 0.2083
340 2.259 0.1428
350 2.225 0.09568
360 2.189 0.06392
370 2.155 0.04325
380 2.125 0.03001
390 2.099 0.02159
400 2.077 0.01621
410 2.057 0.01276
420 2.04 0.01053
430 2.025 0.009069
440 2.011 0.008101
450 1.999 0.007449
460 1.988 0.007002
470 1.978 0.006687
480 1.969 0.00646
490 1.96 0.00629
500 1.952 0.006158
510 1.944 0.00605
520 1.937 0.005959
530 1.93 0.005878
540 1.924 0.005804
550 1.917 0.005735
560 1.911 0.005669
570 1.905 0.005605
580 1.899 0.005543
590 1.894 0.005481
600 1.888 0.005421
610 1.883 0.005361
620 1.878 0.005301
630 1.872 0.005243
640 1.867 0.005185
650 1.862 0.005128
660 1.857 0.005072
670 1.852 0.005016
680 1.847 0.004962
690 1.842 0.004908
700 1.838 0.004855
710 1.833 0.004803
720 1.828 0.004752
730 1.823 0.004703
740 1.818 0.004654
750 1.813 0.004606
760 1.809 0.004559
770 1.804 0.004513
780 1.799 0.004468
790 1.794 0.004424
800 1.789 0.004382
810 1.784 0.00434
820 1.779 0.004299
830 1.774 0.004259
840 1.769 0.00422
850 1.764 0.004182
860 1.764 0.004182
870 1.764 0.004182
880 1.764 0.004182
890 1.764 0.004182
900 1.764 0.004182