Table
250 1.665 3.661
260 1.757 4.076
270 2.068 4.684
280 2.959 5.281
290 4.356 5.285
300 4.976 4.226
310 5.121 3.602
320 5.112 3.31
330 5.195 3.099
340 5.301 2.976
350 5.494 2.952
360 6.026 2.979
370 6.891 2.17
380 6.616 0.9465
390 6.039 0.4438
400 5.613 0.296
410 5.33 0.2268
420 5.119 0.1761
430 4.949 0.1376
440 4.812 0.1075
450 4.691 0.0863
460 4.587 0.07138
470 4.497 0.06209
480 4.419 0.055
490 4.35 0.04913
500 4.294 0.04417
510 4.241 0.03937
520 4.193 0.03641
530 4.151 0.03311
540 4.112 0.0303
550 4.077 0.02797
560 4.045 0.02576
570 4.015 0.02413
580 3.988 0.02252
590 3.963 0.02108
600 3.94 0.01993
610 3.918 0.01845
620 3.898 0.01737
630 3.879 0.01644
640 3.861 0.01543
650 3.844 0.01443
660 3.828 0.0135
670 3.813 0.01274
680 3.798 0.0119
690 3.784 0.0112
700 3.772 0.01053
710 3.759 0.01006
720 3.748 0.009626
730 3.737 0.008946
740 3.727 0.008362
750 3.717 0.007818
760 3.708 0.007197
770 3.699 0.00674
780 3.691 0.006393
790 3.683 0.005834
800 3.675 0.005411
810 3.668 0.004995
820 3.661 0.004613
830 3.654 0.004273
840 3.647 0.003944
850 3.641 0.003612
860 3.635 0.003278
870 3.63 0.002984
880 3.624 0.002682
890 3.619 0.002429
900 3.614 0.00217
910 3.609 0.001962
920 3.604 0.001757
930 3.6 0.001547
940 3.595 0.001369
950 3.591 0.001179
960 3.587 0.001024
970 3.583 0.0008722
980 3.579 0.0007487
990 3.575 0.0006224
1000 3.572 0.0005093
1010 3.568 0.0004107
1020 3.565 0.0003239
1030 3.562 0.0002475
1040 3.559 0.000187
1050 3.556 0.0001362
1060 3.553 9.363e-05
1070 3.55 6.812e-05
1080 3.547 5.329e-05
1090 3.545 4.077e-05
1100 3.542 3.064e-05
1110 3.54 2.385e-05
1120 3.537 1.783e-05
1130 3.535 1.349e-05
1140 3.532 9.072e-06
1150 3.53 6.223e-06
1160 3.528 3.877e-06
1170 3.526 2.048e-06
1180 3.524 6.104e-07
1190 3.522 3.409e-07
1200 3.52 2.101e-07
1210 3.518 1.252e-07
1220 3.517 7.961e-08
1230 3.515 4.6e-08
1240 3.513 2.368e-08
1250 3.511 9.947e-09
1260 3.509 3.61e-09
1270 3.508 2.021e-09
1280 3.506 1.222e-09
1290 3.505 7.289e-10
1300 3.503 4.655e-10
1310 3.502 2.815e-10
1320 3.5 1.681e-10
1330 3.499 8.467e-11
1340 3.497 3.732e-11
1350 3.496 1.826e-11
1360 3.495 1.028e-11
1370 3.494 6.541e-12
1380 3.492 4.173e-12
1390 3.491 2.544e-12
1400 3.49 1.56e-12
1410 3.489 9.537e-13
1420 3.488 5.65e-13
1430 3.487 2.845e-13
1440 3.486 2.063e-13
1450 3.485 1.385e-13