Table
191.765823	1.862086	0.470458
193.361984	1.86503	0.469717
194.958191	1.86798	0.46897
196.554413	1.870936	0.468216
198.150696	1.873898	0.467457
199.746994	1.876866	0.466693
201.343338	1.87984	0.465924
202.939713	1.88282	0.465151
204.536102	1.885806	0.464372
206.132538	1.888798	0.46359
207.729034	1.891797	0.462804
209.325516	1.894803	0.462013
210.922043	1.897817	0.461219
212.518631	1.900837	0.460422
214.115204	1.903866	0.459621
215.711838	1.906902	0.458817
217.308502	1.909948	0.45801
218.905197	1.913002	0.4572
220.501907	1.916066	0.456386
222.098663	1.919141	0.45557
223.695435	1.922226	0.45475
225.292236	1.925323	0.453928
226.889069	1.928432	0.453103
228.485931	1.931554	0.452275
230.082809	1.934689	0.451444
231.679733	1.937839	0.45061
233.276688	1.941003	0.449773
234.873657	1.944184	0.448933
236.470657	1.947382	0.44809
238.067673	1.950598	0.447243
239.664719	1.953833	0.446393
241.261795	1.957088	0.44554
242.858917	1.960364	0.444684
244.456024	1.963663	0.443823
246.053177	1.966985	0.442959
247.650345	1.970332	0.44209
249.247559	1.973706	0.441218
250.844772	1.977107	0.440341
252.442017	1.980538	0.439459
254.039276	1.984	0.438573
255.636566	1.987495	0.437681
257.233887	1.991025	0.436784
258.831238	1.994592	0.435881
260.428589	1.998198	0.434972
262.02594	2.001846	0.434057
263.623352	2.005537	0.433135
265.220764	2.009274	0.432205
266.818207	2.013062	0.431268
268.41568	2.016901	0.430323
270.013153	2.020797	0.429369
271.610657	2.024752	0.428405
273.208191	2.02877	0.427432
274.805725	2.032857	0.426447
276.403259	2.037016	0.425451
278.000854	2.041254	0.424442
279.59845	2.045576	0.42342
281.196045	2.049989	0.422382
282.793671	2.0545	0.421327
284.391327	2.059118	0.420252
285.988983	2.063853	0.419155
287.58667	2.068716	0.418032
289.184357	2.073719	0.416879
290.782043	2.078875	0.415687
292.379791	2.084199	0.414448
293.977509	2.089709	0.413152
295.575256	2.095421	0.411784
297.173035	2.101354	0.410324
298.770813	2.107526	0.40875
300.368591	2.113954	0.407033
301.966431	2.120656	0.40514
303.56424	2.127642	0.40303
305.162079	2.134923	0.400659
306.759918	2.142499	0.397974
308.357788	2.150366	0.39492
309.955627	2.158509	0.391436
311.553528	2.166903	0.387463
313.151428	2.175512	0.382937
314.749329	2.184288	0.3778
316.347229	2.193169	0.371997
317.94516	2.202085	0.365481
319.543091	2.210954	0.358215
321.141052	2.219684	0.350172
322.738983	2.228178	0.341342
324.336945	2.236336	0.331728
325.934906	2.244056	0.321349
327.532898	2.251236	0.31024
329.130859	2.257783	0.298453
330.728851	2.263607	0.286053
332.326843	2.268631	0.27312
333.924866	2.27279	0.259742
335.522888	2.276031	0.246019
337.120911	2.278318	0.232056
338.718933	2.279629	0.217962
340.316956	2.27996	0.203845
341.914978	2.279319	0.189815
343.513	2.277733	0.175975
345.111053	2.275238	0.162421
346.709106	2.271885	0.149245
348.307159	2.267733	0.136525
349.905212	2.262852	0.124331
351.503265	2.257316	0.112721
353.101318	2.251204	0.10174
354.699402	2.244597	0.091423
356.297455	2.237577	0.081792
357.895538	2.230226	0.072858
359.493591	2.22262	0.064622
361.091675	2.214834	0.057078
362.689758	2.206938	0.050207
364.287811	2.198993	0.043987
365.885895	2.191059	0.03839
367.483948	2.183184	0.033381
369.082031	2.175412	0.028924
370.680115	2.167781	0.02498
372.278168	2.16032	0.021509
373.876251	2.153054	0.01847
375.474304	2.146	0.015823
377.072357	2.139174	0.01353
378.670441	2.132582	0.011553
380.268494	2.12623	0.009857
381.866547	2.120119	0.008409
383.4646	2.114247	0.007179
385.062683	2.108609	0.006139
386.660706	2.1032	0.005264
388.258728	2.098012	0.004531
389.856781	2.093036	0.00392
391.454834	2.088264	0.003413
393.052856	2.083684	0.002994
394.650879	2.079288	0.00265
396.248901	2.075065	0.00237
397.846893	2.071005	0.002142
399.444885	2.067099	0.001958
401.042908	2.063337	0.001811
402.6409	2.059711	0.001695
404.238861	2.056212	0.001603
405.836853	2.052832	0.001532
407.434814	2.049564	0.001478
409.032776	2.046402	0.001438
410.630707	2.043338	0.001409
412.228668	2.040367	0.001389
413.826599	2.037484	0.001376
415.4245	2.034682	0.00137
417.0224	2.031958	0.001368
418.6203	2.029307	0.00137
420.218201	2.026725	0.001375
421.816101	2.024209	0.001383
423.413971	2.021754	0.001393
425.01181	2.019358	0.001405
426.60968	2.017018	0.001418
428.20752	2.014731	0.001432
429.805328	2.012494	0.001447
431.403137	2.010306	0.001462
433.000916	2.008164	0.001478
434.598694	2.006065	0.001495
436.196472	2.004009	0.001512
437.79425	2.001993	0.001529
439.391937	2.000016	0.001547
440.989685	1.998075	0.001565
442.587402	1.99617	0.001583
444.185059	1.9943	0.001602
445.782776	1.992462	0.00162
447.380432	1.990656	0.001639
448.978027	1.98888	0.001658
450.575684	1.987134	0.001677
452.173279	1.985415	0.001696
453.770905	1.983725	0.001716
455.368469	1.98206	0.001735
456.966003	1.980421	0.001755
458.563538	1.978807	0.001775
460.161041	1.977217	0.001795
461.758545	1.975649	0.001815
463.356049	1.974104	0.001835
464.953522	1.97258	0.001856
466.550934	1.971078	0.001876
468.148346	1.969595	0.001897
469.745758	1.968133	0.001918
471.343109	1.966689	0.001939
472.940491	1.965264	0.00196
474.537781	1.963857	0.001981
476.135101	1.962467	0.002003
477.732422	1.961094	0.002025
479.329681	1.959738	0.002046
480.92691	1.958398	0.002068
482.524109	1.957073	0.00209
484.121338	1.955763	0.002113
485.718506	1.954468	0.002135
487.315674	1.953187	0.002157
488.912781	1.95192	0.00218
490.509857	1.950667	0.002203
492.106934	1.949427	0.002226
493.70401	1.9482	0.002249
495.301025	1.946985	0.002272
496.898041	1.945782	0.002296
498.494965	1.944591	0.002319
500.091949	1.943412	0.002343
501.688873	1.942244	0.002367
503.285736	1.941087	0.002391
504.882629	1.939941	0.002415
506.479431	1.938805	0.00244
508.076233	1.937679	0.002464
509.673004	1.936563	0.002489
511.269714	1.935457	0.002514
512.866455	1.934361	0.002539
514.463135	1.933273	0.002564
516.059814	1.932195	0.002589
517.656433	1.931125	0.002615
519.253052	1.930064	0.002641
520.849548	1.929012	0.002666
522.446106	1.927967	0.002692
524.042603	1.926931	0.002719
525.639038	1.925902	0.002745
527.235474	1.924881	0.002772
528.831909	1.923868	0.002798
530.428284	1.922861	0.002825
532.024597	1.921862	0.002852
533.620972	1.92087	0.002879
535.217163	1.919885	0.002907
536.813416	1.918906	0.002934
538.409607	1.917934	0.002962
540.005798	1.916968	0.00299
541.601929	1.916009	0.003018
543.197998	1.915055	0.003046
544.794067	1.914107	0.003074
546.390076	1.913166	0.003103
547.986084	1.91223	0.003132
549.582031	1.911299	0.003161
551.177917	1.910374	0.00319
552.773804	1.909454	0.003219
554.369629	1.90854	0.003249
555.965454	1.90763	0.003278
557.561157	1.906726	0.003308
559.156921	1.905826	0.003338
560.752563	1.904931	0.003368
562.348267	1.904041	0.003399
563.943848	1.903155	0.003429
565.539429	1.902274	0.00346
567.134888	1.901397	0.003491
568.730347	1.900525	0.003522
570.325806	1.899657	0.003553
571.921265	1.898792	0.003585
573.516602	1.897932	0.003616
575.111938	1.897076	0.003648
576.707153	1.896224	0.00368
578.302368	1.895375	0.003713
579.897583	1.89453	0.003745
581.492737	1.893689	0.003778
583.087769	1.892851	0.00381
584.682861	1.892016	0.003843
586.277893	1.891185	0.003877
587.872864	1.890358	0.00391
589.467712	1.889533	0.003944
591.062622	1.888712	0.003977
592.657471	1.887894	0.004011
594.252258	1.887078	0.004045
595.846985	1.886266	0.00408
597.44165	1.885457	0.004114
599.036255	1.88465	0.004149
600.63092	1.883847	0.004184
602.225464	1.883046	0.004219
603.819946	1.882248	0.004255
605.414429	1.881452	0.00429
607.008789	1.880659	0.004326
608.603149	1.879868	0.004362
610.197449	1.87908	0.004398
611.791687	1.878294	0.004434
613.385864	1.877511	0.004471
614.980042	1.876729	0.004508
616.574158	1.875951	0.004544
618.168213	1.875174	0.004582
619.762207	1.874399	0.004619
621.35614	1.873627	0.004657
622.950073	1.872856	0.004694
624.543884	1.872088	0.004732
626.137695	1.871321	0.004771
627.731445	1.870556	0.004809
629.325073	1.869794	0.004848
630.918762	1.869033	0.004886
632.512329	1.868274	0.004925
634.105835	1.867516	0.004965
635.699341	1.86676	0.005004
637.292725	1.866006	0.005044
638.886108	1.865254	0.005084
640.47937	1.864503	0.005124
642.072632	1.863754	0.005164
643.665894	1.863006	0.005205
645.258972	1.86226	0.005245
646.852051	1.861515	0.005286
648.445068	1.860771	0.005328
650.038025	1.860029	0.005369
651.630981	1.859288	0.005411
653.223816	1.858549	0.005453
654.816589	1.857811	0.005495
656.409302	1.857074	0.005537
658.002014	1.856338	0.005579
659.594604	1.855603	0.005622
661.187195	1.85487	0.005665
662.779663	1.854137	0.005708
664.372131	1.853406	0.005752
665.964478	1.852676	0.005795
667.556763	1.851947	0.005839
669.149048	1.851218	0.005883
670.741272	1.850491	0.005928
672.333374	1.849765	0.005972
673.925415	1.84904	0.006017
675.517456	1.848315	0.006062
677.109375	1.847592	0.006107
678.701294	1.846869	0.006153
680.293091	1.846147	0.006198
681.884827	1.845425	0.006244
683.476501	1.844705	0.006291
685.068176	1.843985	0.006337
686.659729	1.843266	0.006384
688.25116	1.842548	0.006431
689.842651	1.84183	0.006478
691.43396	1.841113	0.006525
693.025269	1.840397	0.006573
694.616516	1.839681	0.00662
696.207642	1.838966	0.006669
697.798767	1.838251	0.006717
699.389771	1.837537	0.006765
700.980774	1.836824	0.006814
702.571655	1.836111	0.006863
704.162476	1.835398	0.006913
705.753235	1.834686	0.006962
707.343872	1.833974	0.007012
708.934509	1.833263	0.007062
710.525024	1.832552	0.007112
712.11554	1.831841	0.007163
713.705933	1.831131	0.007213
715.296265	1.830421	0.007264
716.886536	1.829712	0.007316
718.476746	1.829002	0.007367
720.066833	1.828293	0.007419
721.656921	1.827585	0.007471
723.246887	1.826876	0.007523
724.836792	1.826168	0.007576
726.426636	1.82546	0.007629
728.016418	1.824752	0.007682
729.606079	1.824045	0.007735
731.195679	1.823337	0.007788
732.785217	1.82263	0.007842
734.374634	1.821923	0.007896
735.96405	1.821216	0.007951
737.553345	1.820509	0.008005
739.142639	1.819802	0.00806
740.731812	1.819095	0.008115
742.320862	1.818388	0.00817
743.909851	1.817682	0.008226
745.498779	1.816975	0.008282
747.087646	1.816269	0.008338
748.676392	1.815562	0.008394
750.265137	1.814855	0.008451
751.85376	1.814149	0.008508
753.442261	1.813442	0.008565
755.030762	1.812735	0.008623
756.619141	1.812029	0.008681
758.207458	1.811322	0.008739
759.795654	1.810615	0.008797
761.38385	1.809908	0.008855
762.971863	1.809201	0.008914
764.559875	1.808493	0.008973
766.147766	1.807786	0.009033
767.735596	1.807078	0.009092
769.323364	1.806371	0.009152
770.911011	1.805663	0.009213
772.498596	1.804955	0.009273
774.08606	1.804247	0.009334
775.673462	1.803538	0.009395
777.260803	1.802829	0.009456
778.848022	1.80212	0.009518
780.435181	1.801411	0.00958
782.022278	1.800702	0.009642
783.609253	1.799992	0.009704
785.196167	1.799282	0.009767
786.78302	1.798572	0.00983
788.369751	1.797862	0.009893
789.956421	1.797151	0.009957
791.542969	1.79644	0.010021
793.129456	1.795728	0.010085
794.71582	1.795016	0.010149
796.302124	1.794304	0.010214
797.888306	1.793592	0.010279
799.474487	1.792879	0.010345
801.060486	1.792166	0.01041
802.646423	1.791452	0.010476
804.2323	1.790738	0.010542
805.818054	1.790024	0.010609
807.403748	1.789309	0.010676
808.98938	1.788594	0.010743
810.574829	1.787878	0.01081
812.160278	1.787162	0.010878
813.745605	1.786446	0.010946
815.330811	1.785729	0.011014
816.915955	1.785011	0.011083
818.501038	1.784294	0.011152
820.085938	1.783575	0.011221
821.670776	1.782856	0.01129
823.255554	1.782137	0.01136
824.840332	1.781417	0.01143
826.424927	1.780697	0.011501
828.009399	1.779976	0.011571
829.59375	1.779255	0.011642
831.17804	1.778533	0.011714
832.762329	1.777811	0.011785
834.346375	1.777088	0.011857
835.930359	1.776364	0.011929
837.514343	1.77564	0.012002
839.098145	1.774916	0.012075
840.681946	1.774191	0.012148
842.265503	1.773465	0.012222
843.848999	1.772739	0.012296
845.432495	1.772012	0.01237
847.015808	1.771284	0.012444
848.599121	1.770556	0.012519
850.182251	1.769827	0.012594
851.765259	1.769098	0.012669
853.348267	1.768368	0.012745
854.93103	1.767637	0.012821
856.513855	1.766906	0.012898
858.096497	1.766174	0.012974
859.679016	1.765442	0.013051
861.261536	1.764708	0.013129
862.843872	1.763974	0.013207
864.426086	1.76324	0.013285
866.008179	1.762505	0.013363
867.59021	1.761769	0.013442
869.17218	1.761032	0.013521
870.754028	1.760295	0.0136
872.335754	1.759556	0.01368
873.917358	1.758818	0.01376
875.498901	1.758078	0.01384
877.080383	1.757338	0.013921
878.661743	1.756597	0.014002
880.242981	1.755855	0.014083
881.824036	1.755113	0.014165
883.40509	1.754369	0.014247
884.985962	1.753626	0.014329
886.566711	1.752881	0.014412
888.147461	1.752135	0.014495
889.728027	1.751389	0.014578
891.308472	1.750642	0.014662
892.888855	1.749894	0.014746
894.469116	1.749146	0.014831
896.049316	1.748396	0.014916
897.629395	1.747646	0.015001
899.20929	1.746895	0.015086
900.789185	1.746143	0.015172
902.368835	1.745391	0.015258
903.948425	1.744637	0.015345
905.527954	1.743883	0.015432
907.1073	1.743128	0.015519
908.686646	1.742372	0.015606
910.265808	1.741615	0.015694
911.84491	1.740858	0.015783
913.423828	1.740099	0.015871
915.002747	1.73934	0.01596
916.581421	1.73858	0.01605
918.160034	1.737819	0.01614
919.738586	1.737057	0.01623
921.316895	1.736294	0.01632
922.895203	1.73553	0.016411
924.473328	1.734766	0.016502
926.051453	1.734	0.016594
927.629395	1.733234	0.016686
929.207214	1.732467	0.016778
930.784851	1.731699	0.016871
932.362488	1.73093	0.016964
933.939941	1.73016	0.017057
935.517273	1.729389	0.017151
937.094604	1.728617	0.017245
938.671692	1.727845	0.01734
940.248718	1.727071	0.017435
941.825562	1.726297	0.01753
943.402466	1.725521	0.017626
944.979126	1.724745	0.017722
946.555542	1.723968	0.017818
948.132019	1.723189	0.017915
949.708313	1.72241	0.018012
951.284546	1.72163	0.01811
952.860657	1.720849	0.018208
954.436523	1.720066	0.018306
956.01239	1.719283	0.018405
957.588074	1.718499	0.018504
959.163696	1.717714	0.018604
960.739136	1.716928	0.018704
962.314453	1.716141	0.018804
963.889771	1.715353	0.018905
965.464844	1.714564	0.019006
967.039856	1.713774	0.019107
968.614624	1.712983	0.019209
970.189331	1.712191	0.019312
971.763977	1.711398	0.019414
973.338501	1.710604	0.019517
974.912903	1.709809	0.019621
976.487122	1.709013	0.019725
978.061218	1.708216	0.019829
979.635254	1.707418	0.019934
981.209106	1.706619	0.020039
982.782837	1.705819	0.020145
984.356445	1.705018	0.02025
985.929871	1.704215	0.020357
987.503296	1.703412	0.020464
989.076538	1.702608	0.020571
990.649597	1.701802	0.020678
992.222656	1.700996	0.020786
993.795532	1.700189	0.020895
995.368164	1.69938	0.021004
996.940796	1.69857	0.021113
998.513306	1.69776	0.021222
1010.903931	1.691331	0.022102
1014.31543	1.689549	0.022348
1017.726685	1.687761	0.022597
1021.137573	1.685967	0.022848
1024.548218	1.684169	0.023101
1027.95874	1.682364	0.023357
1031.368896	1.680554	0.023614
1034.778687	1.678739	0.023873
1038.188477	1.676917	0.024135
1041.5979	1.67509	0.024399
1045.00708	1.673258	0.024665
1048.41626	1.671419	0.024933
1051.825073	1.669575	0.025203
1055.233643	1.667725	0.025476
1058.642212	1.665869	0.025751
1062.050537	1.664007	0.026028
1065.45874	1.662139	0.026307
1068.866699	1.660265	0.026589
1072.274658	1.658386	0.026873
1075.682373	1.6565	0.027159
1079.089966	1.654607	0.027448
1082.497314	1.652709	0.027739
1085.904785	1.650805	0.028032
1089.312134	1.648894	0.028328
1092.719238	1.646977	0.028626
1096.126343	1.645053	0.028927
1099.533447	1.643124	0.02923
1102.94043	1.641187	0.029536
1106.347412	1.639245	0.029844
1109.75415	1.637296	0.030155
1113.161133	1.63534	0.030468
1116.567993	1.633378	0.030783
1119.974731	1.631409	0.031102
1123.381592	1.629434	0.031422
1126.78833	1.627452	0.031746
1130.195068	1.625463	0.032072
1133.601929	1.623467	0.032401
1137.008911	1.621465	0.032732
1140.415771	1.619456	0.033066
1143.822632	1.61744	0.033403
1147.229736	1.615417	0.033742
1150.636719	1.613387	0.034084
1154.043823	1.61135	0.034429
1157.45105	1.609306	0.034777
1160.858398	1.607255	0.035128
1164.265869	1.605196	0.035481
1167.67334	1.603131	0.035838
1171.080933	1.601058	0.036197
1174.488647	1.598978	0.036559
1177.896606	1.596891	0.036924
1181.304565	1.594797	0.037292
1184.712769	1.592695	0.037663
1188.121094	1.590586	0.038037
1191.529663	1.588469	0.038414
1194.938354	1.586345	0.038794
1198.34729	1.584213	0.039177
1201.756348	1.582074	0.039563
1205.165649	1.579927	0.039952
1208.575073	1.577772	0.040345
1211.984863	1.57561	0.04074
1215.394775	1.57344	0.041139
1218.804932	1.571262	0.041541
1222.215454	1.569077	0.041946
1225.626221	1.566883	0.042355
1229.037109	1.564682	0.042767
1232.448486	1.562472	0.043182
1235.859985	1.560255	0.0436
1239.271729	1.55803	0.044022
1242.68396	1.555796	0.044448
1246.096436	1.553554	0.044877
1249.509155	1.551304	0.045309
1252.922363	1.549046	0.045745
1256.335693	1.54678	0.046184
1259.749634	1.544505	0.046627
1263.163818	1.542222	0.047073
1266.578369	1.53993	0.047524
1269.993164	1.537631	0.047977
1273.408447	1.535322	0.048435
1276.824097	1.533005	0.048896
1280.240234	1.530679	0.049361
1283.656738	1.528345	0.04983
1287.073608	1.526002	0.050302
1290.490967	1.523651	0.050779
1293.908813	1.52129	0.051259
1297.327026	1.518921	0.051744
1300.745728	1.516542	0.052232
1304.164917	1.514155	0.052724
1307.584595	1.511759	0.05322
1311.004639	1.509354	0.053721
1314.425293	1.506939	0.054225
1317.846436	1.504516	0.054734
1321.267944	1.502083	0.055247
1324.690186	1.499641	0.055764
1328.112793	1.49719	0.056285
1331.536011	1.49473	0.056811
1334.959717	1.49226	0.057341
1338.384033	1.48978	0.057875
1341.80896	1.487291	0.058414
1345.234375	1.484793	0.058957
1348.6604	1.482285	0.059505
1352.087036	1.479767	0.060057
1355.514282	1.477239	0.060614
1358.942139	1.474702	0.061176
1362.370483	1.472155	0.061742
1365.799561	1.469598	0.062313
1369.229248	1.467031	0.062889
1372.659668	1.464454	0.063469
1376.090576	1.461866	0.064055
1379.522339	1.459269	0.064645
1382.954712	1.456662	0.065241
1386.387695	1.454044	0.065841
1389.821411	1.451416	0.066447
1393.255737	1.448778	0.067057
1396.690918	1.446129	0.067673
1400.126709	1.44347	0.068294
1403.563232	1.4408	0.068921
1407.00061	1.43812	0.069552
1410.438599	1.435429	0.070189
1413.877319	1.432727	0.070832
1417.316895	1.430014	0.07148
1420.757202	1.427291	0.072134
1424.198242	1.424556	0.072793
1427.640137	1.421811	0.073458
1431.082764	1.419055	0.074128
1434.526245	1.416287	0.074805
1437.970581	1.413508	0.075487
1441.415771	1.410718	0.076175
1444.861572	1.407917	0.07687
1448.30835	1.405104	0.07757
1451.756104	1.40228	0.078276
1455.20459	1.399444	0.078989
1458.653931	1.396597	0.079708
1462.104126	1.393738	0.080433
1465.555298	1.390867	0.081165
1469.007324	1.387985	0.081903
1472.460205	1.38509	0.082647
1475.914063	1.382184	0.083399
1479.368774	1.379266	0.084157
1482.824463	1.376335	0.084921
1486.281006	1.373392	0.085693
1489.738647	1.370437	0.086471
1493.197144	1.36747	0.087257
1496.656738	1.36449	0.08805
1500.117188	1.361498	0.088849
1503.578613	1.358493	0.089656
1507.041138	1.355476	0.090471
1510.504517	1.352446	0.091292
1513.968994	1.349403	0.092122
1517.434448	1.346347	0.092959
1520.901001	1.343278	0.093803
1524.36853	1.340197	0.094655
1527.837158	1.337102	0.095516
1531.306763	1.333994	0.096384
1534.777466	1.330872	0.09726
1538.249268	1.327737	0.098145
1541.722168	1.324589	0.099037
1545.196045	1.321427	0.099939
1548.671143	1.318252	0.100848
1552.147217	1.315063	0.101766
1555.624634	1.31186	0.102693
1559.103027	1.308643	0.103629
1562.58252	1.305412	0.104574
1566.063232	1.302167	0.105527
1569.545166	1.298908	0.10649
1573.028076	1.295635	0.107462
1576.512329	1.292347	0.108444
1579.997681	1.289045	0.109435
1583.484131	1.285728	0.110435
1586.971924	1.282397	0.111446
1590.460938	1.279051	0.112466
1593.95105	1.27569	0.113496
1597.442505	1.272314	0.114537
1600.935181	1.268924	0.115588
1604.428955	1.265518	0.116649
1607.924072	1.262097	0.117721
1611.420532	1.25866	0.118803
1614.918213	1.255208	0.119897
1618.417114	1.251741	0.121001
1621.917358	1.248258	0.122117
1625.418823	1.24476	0.123244
1628.921631	1.241245	0.124383
1632.425903	1.237715	0.125533
1635.931396	1.234169	0.126695
1639.43811	1.230606	0.127869
1642.946289	1.227028	0.129055
1646.455688	1.223433	0.130254
1649.966553	1.219821	0.131465
1653.478882	1.216193	0.132689
1656.992432	1.212549	0.133926
1660.507446	1.208887	0.135176
1664.023804	1.205209	0.136439
1667.541626	1.201514	0.137716
1671.060791	1.197802	0.139006
1674.581421	1.194072	0.140311
1678.103516	1.190326	0.141629
1681.626953	1.186562	0.142962
1685.151733	1.182781	0.144309
1688.678345	1.178981	0.145671
1692.206055	1.175165	0.147049
1695.735352	1.17133	0.148441
1699.266235	1.167478	0.149849
